0.9072159016153837
0.6204049930620453
0.7869627875633709
0.7460354764489913
0.7170181965610508
0.7532743944608447
0.7807290247293951
0.8174640914007311
0.4104588734748169
0.3754982022838764
0.3717923157888934
0.8625292126852387
0.8959111180696759
0.1947246344904051
0.9410252463432014
0.40004440988062995
0.6043874479770933
0.736723772261779
0.9275799748080481
0.05319016293927148
0.40667496788895785
0.9646567836260656
0.9217291047054589
0.6868516284680896
0.17232906779408863
0.336059156196436
0.3849162337295937
0.14284353010173734
0.0789740118507134
0.4334456548961747
0.4612011639839917
0.6884812869526289
0.3139601819489294
0.8775626846841569
0.1767152113577627
0.05620131923234539
0.3790645850304274
0.29739137178508634
0.6722952575260438
0.4081967626647601
0.3325582858460011
0.5286163501226279
0.6987950043655448
0.14831803098010188
0.7064866897519523
0.39080626620610104
0.17682896907034096
0.7629861244493034
0.5141769783551721
0.9376405340103902
0.8233178286805464
0.026437863282631424
0.4955136616208494
0.5039571766243274
0.8828026304843033
0.9113373460125979
0.5834775298704342
0.41348593826994706
0.6984073738540832
0.8286919023513648
0.833484201265236
0.9729813251828199
0.7033612630043293
0.7586867166728287
0.7485045776998027
0.14420691540286534
0.7111201051775479
0.8595552249802175
0.8979277440345662
0.5801087926230232
0.12202492537860532
0.7710533271982347
0.6534190508396517
0.688722799143178
0.5792744027590185
0.052290604621532344
0.7283291857135129
0.894487856183308
0.7653898427610505
0.9910771816397442
0.6906948981330162
0.703555386664231
0.08199551604073607
0.5882761015632608
0.251631480110202
0.298647636938015
0.25096377982618345
0.7008692943900199
0.4850357583396788
0.47156268995628614
0.45745661083170885
0.8023492727049618
0.13484370546594626
0.5674494369187523
0.2702575299575355
0.7798043976847804
0.5166385500953569
0.5667454597342553
0.035693609993164954
0.6880985832809275
0.3228389703984236
0.5382418317916947
0.5908560514125064
0.4905226058225193
0.12304827186192013
0.7699494334863999
0.28767160482572374
0.6337043381346736
0.7923493084440092
0.9400519090858713
0.5186310565461709
0.9959400828227911
0.7236116245603975
0.68189038296394
0.20069292264954386
0.6523532776107523
0.2532726506415708
0.6921563774641791
0.14241884717310682
0.7920647700888576
0.07474406450185178
0.1546576924902323
0.5761756361554542
0.35250702130296296
0.4982722586942179
0.9714317782551007
0.30472432341250444
0.9945144591810524
0.2563485038178671
0.6884050535091952
0.3809147655957059
0.5409770348377037
0.5627515578798449
0.6288735406132206
0.993966324991788
0.8645150799724796
0.1560849558672851
0.7846983943071782
0.9433932179550294
0.6900541530721539
0.462298831173496
0.024101890171481455
0.4366230580549866
0.24785763673322292
0.28268766383988275
0.7176435144991408
0.8030329203858175
0.6121563282716145
0.4551765173629291
0.5494104559113026
0.06215325913409586
0.27663737158563306
0.5796824697437504
0.5346825927621279
0.5987943669419491
0.5527348110834123
0.313194685746659
0.8146880171061294
0.6744624590069449
0.6125295613751977
0.011186628908742557
0.6673805370258521
0.17361967646001486
0.08249762985294418
0.01808822217149253
0.8960061775183931
0.3961462879472638
0.6757021550175407
0.44701800544600967
0.10579916479425033
0.6747825280318714
0.8100909424931942
0.33629117427430133
0.41642777385061247
0.8274391324871312
0.7732443439742175
0.012803054993162255
0.04680954762868095
0.11708760607655022
0.19428867319056498
0.7719357835444285
0.3238409797754179
0.7920538627697102
0.8024049015212265
0.2250543979608276
0.6626314574814223
0.29696067606953147
0.6087090173896549
0.7725942470845107
0.27217548876566966
0.8167526888626374
0.1853968853961222
0.6000464869929893
0.2459242739226739
0.41100334505030844
0.949873039178904
0.08445976968112012
0.44112234333500633
0.6250882114015714
0.837455923465963
0.3486579156121943
0.1657304635564426
0.38660656143542305
0.27637518764625935
0.12495936683738107
0.1619215255557197
0.6640376192674812
0.7543463515813279
0.11228865484660722
0.5543927604822195
0.3317843541021094
0.26055676363351965
0.2908530605504781
0.5525907725285882
0.7914698170275772
0.9379108467298017
0.2995731338796821
0.24834288479099997
0.9986105634556458
0.7337171458101347
0.6203725573462159
0.9440192997727543
0.23242059207589694
0.2215146083085061
0.3669094348990707
0.7808167910884289
0.5728340123703163
0.05236619778054796
0.3674925187756707
0.9448579947406961
0.14378451272827264
0.7955340488690856
0.006267904025085813
0.8329991991288158
0.32219347004315413
0.4650944585386163
0.048605870420026065
0.5356427794720924
0.4680190819434177
0.01766112766671346
0.899993211178149
0.30149392327313107
0.33062659239134096
0.84307599661165
0.8654230259050144
0.2801626754572738
0.26496143835201824
0.37293875526542986
0.4138388130811592
0.9155632447905857
0.2958747230571833
0.5222648030411543
0.6557219539157582
0.418200045224978
0.2143831464235756
0.5587470187448078
0.687134633511005
0.854281713184136
0.0818500293584673
0.9316230845459107
0.9714228249721031
0.15703426811776078
0.9032021897975301
0.21067397482690853
0.8658489830893966
0.22126846921619625
0.9397300199313832
0.425442599242975
0.8386601324508469
0.25898455421786615
0.47225668276670096
0.6752507354650421
0.9014084980356378
0.3174561152163152
0.6542145732132902
0.14246835784393708
0.34883587480601885
0.6400595406381002
0.7366983065161978
0.8888765550177086
0.7766655729728732
0.8521197695023067
0.8499827421574647
0.6649149348952557
0.608142973858863
0.4925514465430998
0.7120323483371163
0.6988587161556757
0.4112804015969658
0.18749784403977166
0.10349952007872543
0.5900438900644289
0.993855481014672
0.3430321304114463
0.3160123467627215
0.6337158221856063
0.03378125124577802
0.42139259006639485
0.7322732261500864
0.17134945560353687
0.5091080066952457
0.5288142116638476
0.29554016480664436
0.3630745884101585
0.9686048591825355
0.9908861507287903
0.8354718973289109
0.7709239671184462
0.35115484724446644
0.8106955650058522
0.7365059054084101
0.17931700369864123
0.4716144952830562
0.7296733103307357
0.16936340070640699
0.8554214755324542
0.4964002081278127
0.367859211649314
0.8217168472827541
0.5557422962481323
0.5331298321163193
0.4517431996678354
0.976130728059004
0.5494349953600868
0.8877413753969028
0.47705220296128903
0.06601590757454534
0.6668014810285711
0.5200126126086626
0.39350949705306926
0.3059843152682108
0.13800956203962578
0.026176391044368974
0.14341066964997717
0.3262100646038971
0.08135173542471097
0.8121147277400004
0.5691337879939143
0.7688583045108588
0.5597244727787815
0.8386770458377086
0.7608404592487706
0.26532750063135657
0.28124644100151597
0.37600107124197113
0.8694389246033408
0.895364885751997
0.11907482145585313
0.988846507345062
0.46884284305200286
0.3152414205844324
0.12734256090234697
0.11722882039300297
0.8828894806873592
0.10980327147804492
0.573148108048924
0.21542375918851253
0.611178876984361
0.4008455555728825
0.9669882623486634
0.8182138660643022
0.49870377628002527
0.6260294061134755
0.5315230824195856
0.9737301736871096
0.8529006849107788
0.21855232748533293
0.2790127363061702
0.6592834186317205
0.3875604810484642
0.7811389476521847
0.7398503462787803
0.6412766053331487
0.5898575423149883
0.4756977118205339
0.7428133324587969
0.9745542076141913
0.42608562904237457
0.7149140339879264
0.3147114533117731
0.05453052094655286
0.5183701231554226
0.47490169462511067
0.4825162461359599
0.01880309344388631
0.023871155230839824
0.5889248221616551
0.7254410638069534
0.9582443844314685
0.3844229721521515
0.674124769499892
0.33882951584197063
0.4749644133688502
0.7875972779524093
0.039003914980664134
0.44251029587648616
0.8127697020663335
0.6256485991270597
0.8278694030302224
0.7563056682239029
0.8345280327554107
0.3821355154340168
0.9355320013762897
0.46876294997478607
0.9209337875676723
0.9107167230227863
0.301302556213181
0.5560323717200436
0.5645697118827456
0.7813343396916299
0.9346791625607835
0.25913411679880083
0.42267921095265004
0.7835449927878325
0.19925631373634
0.4719302510495259
0.6632720192664999
0.12842785280124835
0.9633296840465082
0.6944382205729691
0.7895282748252562
0.7988810815823151
0.1703400742872625
0.31407501758327894
0.581570628479896
0.3604712879091744
0.7546300467411466
0.9734385479248346
0.38365021958222334
0.9427061090156083
0.5197704180439094
0.30875570178269307
0.7725245889366853
0.9502603170988831
0.3304233632773662
0.3392532710467854
0.20354825490196204
0.6320672886294997
0.5860253469795813
0.85226444544634
0.13378411609117213
0.8030017792092333
0.0182286382074186
0.35346336391616373
0.4612255629473271
0.1971593117830377
0.4860300173865547
0.13860431490488345
0.2539666758548884
0.9096635951239401
0.8391694251930654
0.8646729141864433
0.4486115513032689
0.5301374226640845
0.2520525506447915
0.44297033542491016
0.7135967688612652
0.3956131858576718
0.638424100077466
0.5875441509151905
0.5490790957137803
0.22654034438403026
0.13639851962428995
0.8063779705146537
0.42978069039982936
0.1806547804985993
0.6199320659954103
0.8897447020875535
0.32102077044718846
0.9326991865399847
0.5270782373937499
0.3685143675991637
0.033989985432916425
0.6841398982273827
0.8044258874847123
0.525504867622593
0.3865355485211548
0.12722979218635566
0.48012862704105186
0.12451550499039044
0.3993994404353268
0.20340216786891774
0.5964207633081429
0.3969764233820474
0.04130649231791028
0.48914041306641187
0.36080050302548206
0.5472226442270314
0.9242673087911172
0.4282611136152672
0.720168601805512
0.8303480047736383
0.61947022724888
0.36977566435501585
0.15028946638215523
0.8219013538276091
0.48762351065063425
0.5120666740816006
0.35518305978261266
0.23743170428885962
0.366664337183637
0.4314074694900778
0.5087106644870566
0.2718972499600052
0.034146971271366344
0.738553751189997
0.06640842106642031
0.7543012823615106
0.930321712949736
0.3821982488619543
0.11577979646006253
0.032329484498562766
0.9064734091706184
0.8270195989673197
0.6352037032229808
0.2716868916661397
0.17249267393683898
0.44579438997929965
0.3064899419254635
0.5010558078651816
0.9657108285687501
0.3640695390567681
0.19657268890578938
0.5597753745069504
0.4066126670149197
0.6402187829631557
0.8528370836882031
0.9578445963892626
0.5188238510443834
0.3768776310045424
0.34568446327699853
0.7505906993673018
0.7670882656738349
0.38969673254603243
0.3513248408002031
0.7282894146317391
0.1547887369159956
0.7936063467753679
0.6368751910209531
0.1578788937078479
0.5623737569162168
0.7141330576743432
0.27156391430833426
0.3282733569248688
0.8847856053070187
0.7074270031031109
0.8933456099906527
0.6521905352406334
0.11355910750731546
0.8892013990778934
0.3727412519000648
0.24214566122221381
0.7570944219695281
0.6824414876243183
0.6223253894054379
0.8740940110631815
0.9548397697532452
0.7814236174492699
0.6566493132797955
0.6506468831075295
0.7064535524160949
0.07698020606473366
0.4114914671600678
0.493233975776748
0.8559402118246755
0.6627227062255462
0.14748158005388357
0.4915235503871118
0.5466648514838613
0.44157154668872245
0.2553853849266665
0.9445849169673601
0.8241213474557793
0.5898923680252864
0.4505576748078225
0.8922405285245629
0.22800511469899076
0.512223339617735
0.6269946642837654
0.17348596956508333
0.010736166874092512
0.028059187313532408
0.36787906924168057
0.04623349612099947
0.6057427097601783
0.6611299540635278
0.06090423589023619
0.7834265422712372
0.9947273010683948
0.08826295795954653
0.7526364337042861
0.5189422885962358
0.47706998144613344
0.7555840523270075
0.9757878221818874
0.5851616668303894
0.7984806990057651
0.06065095211016602
0.9579943306109578
0.5923858788523115
0.13922277370286595
0.6239271052051066
0.968630534930302
0.8651030249040158
0.10694782397176139
0.517553267903074
0.8585389460512554
0.3056709500043643
0.6611338209200791
0.4860413413938477
0.7396362497328026
0.1923778385505419
0.1193706283014544
0.08259015362324984
0.2634595797754743
0.47256064521232777
0.7591310792011995
0.5391036067119056
0.786971581914113
0.5406002447200862
0.10764855739209589
0.9113824145958977
0.6657110972472295
0.6151805847574014
0.8635707452487569
0.24103961403623164
0.15864590597438044
0.6857416623610565
0.9161440819432641
0.6135632240153746
0.09822482998075699
0.3267415265894017
0.12037134095534208
0.6866362536935627
0.6635482129842531
0.0779963274032085
0.06320153454080235
0.5885115585113829
0.3737840532030198
0.7584082892213512
0.7823727252986414
0.1435441987198739
0.6432519965537373
0.011274599155390086
0.8673458730175081
0.8685078221673888
0.5754791178058566
0.7461385927463972
0.018812868172680353
0.04802358779225102
0.44627287166606355
0.15664064732581096
0.3059848904318857
0.9948148613459459
0.6572538903837971
0.16909135482585425
0.7535717548083928
0.05334866223395862
0.37529776292762984
0.09676364560928474
0.41975044016870355
0.7895121877661052
0.2769081275687275
0.14351450428937407
0.2530263408608874
0.345239801641123
0.3537826231730795
0.26271019239697413
0.242203240355359
0.6176784553524555
0.11462926387007077
0.921139428982438
0.3276568241353963
0.47578598891422363
0.9304056891097008
0.5681477930683912
0.7143846045425997
0.044768326972368655
0.658919389485939
0.18041323463126047
0.44006629404017816
0.2810814726590021
0.23037875134576136
0.6362699962993715
0.5062372198162965
0.030666151762460236
0.7464490290371297
0.7040373631082947
0.3827317790098248
0.35457472538453283
0.22961599966284163
0.4213216948783147
0.23864584111011455
0.9334641325827968
0.10434084403888189
0.9865266851671055
0.9700203581771553
0.614518609191523
0.9896124852999879
0.5852058315163428
0.10886663104372529
0.0775035562341353
0.34434536510302827
0.6215747058530137
0.925237372861922
0.7451664045757017
0.8788314337270039
0.08833559077435382
0.9982569049769926
0.2876574756620539
0.07942775882011621
0.4056252085647699
0.25423111991081215
0.013996273132076964
0.23919423935986706
0.8911108333170887
0.27722347716284834
0.6417560137386462
0.7577013542511689
0.43994374877822007
0.31391542574461684
0.305291999409658
0.03861793682199399
0.1668514000761021
0.9063158367872414
0.03620929641044757
0.4256894447437267
0.7224826083313768
0.0830413703086682
0.0987021209894774
0.2086225689141935
0.9726473519895823
0.9524462608439755
0.03901580753057232
0.3160769114660006
0.4769897483480042
0.26718064578768075
0.17410350439686229
0.5447349216491898
0.7723309714685078
0.08597855610180338
0.1494290629594781
0.20329209525665848
0.9578635805635934
0.027937780515169264
0.8605986264655783
0.7135670453668369
0.12048409697905349
0.5687623809001997
0.3788418581195796
0.6364047058294398
0.28857144750284314
0.538698955935205
0.45259244448582037
0.5246630100538675
0.46941794583142793
0.571934983656129
0.39919979198056466
0.9024630258358742
0.6411358538841593
0.40448451374470396
0.461409278215267
0.107430717602093
0.5263148761762443
0.5573536484637001
0.25856081464606107
0.18649539557603412
0.8297029120797321
0.8136440907675211
0.0729579412509852
0.737657093265055
0.3211385125508578
0.3076827065318476
0.554851866055996
0.07167669389307918
0.22989638011583013
0.4735699710446073
0.13111610410374597
0.06841410956666061
0.036726421772569906
0.4745222684775563
0.879293279852239
0.7827737307965749
0.4032105763218242
0.0016444662726818882
0.20646297891683973
0.03227039840577628
0.9564735886034591
0.051171573003054416
0.5033731531864786
0.10200742766120263
0.5577090324795881
0.2486635140204616
0.26207718037325844
0.804173774709495
0.7353305997364771
0.2807280378005753
0.5326044914854173
0.48398887240482824
0.1802655010080194
0.289927841822575
0.25029199549144643
0.3806408637199966
0.038825401628056255
0.3494334690939106
0.5783418604530745
0.8837726755764029
0.24838682567506332
0.5498788572454026
0.2251920763352262
0.6977657712795143
0.858266709523319
0.416881239237366
0.7879431172886154
0.7007064278640717
0.0997831983649573
0.8849965590345266
0.5562615698399387
0.1849129718938881
0.2517398714979119
0.46753801128760775
0.3873354716431119
0.3361729941030116
0.6995136614540204
0.008996388463840765
0.6726371996447081
0.5714781589308623
0.6495885622153399
0.6822866717535395
0.8185679485180731
0.6009689496165551
0.7546984331458175
0.3186281833194421
0.04460779188064101
0.12118692513962837
0.2910226026111521
0.2261324114610347
0.0016558819872769526
0.7841521311474641
0.6716279748737711
0.18469831189935537
0.710122722279777
0.4966331052775288
0.20056447763757523
0.23123354472544133
0.3077997381435259
0.9252029754449401
0.7758763828270357
0.8288025055664375
0.18825377522957087
0.36127014618574493
0.33455862923157464
0.04649777130175026
0.9190578841013798
0.2030979712793698
0.9190643604007253
0.7919612519006546
0.35205486978233413
0.5839750511869242
0.8414125187276409
0.9082762584146306
0.22434192344984272
0.253728159393419
0.2532199257414144
0.0719027502125762
0.5079208257619239
0.26585110136249346
0.5789956953225833
0.9480564879070607
0.6514905156255829
0.08892996465548042
0.6805409394088283
0.14245183684620455
0.3721987387700878
0.34067563755764896
0.3479329439066159
0.879966697614702
0.294892400576109
0.4025421775065361
0.85548400255097
0.1264045653521606
0.14429429388529835
0.33460966538657955
0.2197668395756991
0.6533584450709833
0.8996528450432877
0.7460143203947741
0.6963347060636003
0.6128838930676922
0.828545182499354
0.13450168406939678
0.7451003911162063
0.6479477903973897
0.21855307823664072
0.9137588526709868
0.11561479439785727
0.954358355143096
0.23737189043998463
0.7159139764691584
0.8931189342793565
0.11024457049030001
0.8070273795136843
0.5908261949182626
0.9204028297215815
0.5801147687949345
0.05188806338522178
0.5585647896734668
0.19354871297153142
0.717935743463007
0.8541542450806514
0.09780338569492275
0.11652017307466334
0.9729977518452223
0.9231442933848607
0.3176687115017254
0.5398609941530792
0.724211786028124
0.3628621033837507
0.8880928495179684
0.6934692412320371
0.9107783590448464
0.2871564416495024
0.6402890163369688
0.2592968312421927
0.2831991283349745
0.9482666443711458
0.8546268840421203
0.6743552387558206
0.04288365680660777
0.7320692262372243
0.9453706140731278
0.4381394055407446
0.23886836870832617
0.6780127086123326
0.12338319379119211
0.7647880138030515
0.333093470945081
0.6513687671449808
0.35275919433733616
0.4755190109854339
0.7785969676080029
0.005016355612236345
0.22659126535772534
0.9306822513100669
0.683773545767727
0.4243078831451893
0.12952613222453924
0.38037125617351353
0.6176375673949369
0.6473110709041682
0.20394114628713733
0.5900991060593836
0.33569136853419324
0.04566701384347571
0.4882967520155561
0.4638851763544978
0.8957383493590982
0.12513987277213046
0.43046287589253207
0.831022819116294
0.3070465561017025
0.263356824091576
0.5903988098203627
0.34348825964979945
0.14697822662714732
0.19942786447458594
0.9873593985359445
0.11592270650306968
0.1558163848836147
0.9302082660849951
0.7001682022627913
0.6356319672838163
0.3933873502515567
0.3120014118271317
0.537198472041137
0.8349586905962815
0.30222486600463605
0.5946840838676996
0.890652248806534
0.9599906993869168
0.41471633715861256
0.60628037594111
0.045664024311167783
0.49410123981509635
0.1495432069935435
0.19223638213871697
0.7861224540946091
0.14632096238733872
0.9879401603206646
0.7018996104983348
0.6714899793749106
0.7885637860486496
0.09040862041944031
0.5001789314001018
0.2393055975921109
0.1332997594030363
0.9217234213800571
0.06684391362333597
0.14915433825965974
0.5010601772022705
0.5015480489371765
0.63741293473055
0.8409837762853598
0.9832135993020473
0.8329935692970692
0.24089485514671516
0.35727684904639956
0.6664113254755827
0.9843877513674997
0.6882347946560823
0.872323205164542
0.7458274187453683
0.07232628983247447
0.44749222057072247
0.7634584481297368
0.536769562194163
0.8240567548602978
0.9261671275462756
0.801541039159344
0.31785332681659695
0.36021081327997606
0.18897883234665636
0.5136937688827743
0.34177309972484415
0.39820670800449465
0.8217824079366337
0.5414188226883974
0.4311590506633891
0.4968690428591289
0.7248384288512875
0.9276474231346392
0.38679670303824143
0.855385421662942
0.3361134998684493
0.8025336627612004
0.5589902318696484
0.5194325520304329
0.04893080400614902
0.6365602524362005
0.3570122418822187
0.915658428145563
0.32947354938114837
0.13303006881953772
0.828225524137137
0.5144837805802646
0.37642149656099555
0.901297098081845
0.689911534887633
0.31090716672935437
0.21299554001587617
0.764309903241434
0.8254744359115395
0.10699120430038056
0.7328994575287116
0.4658725998011789
0.5673725091944426
0.856462612135931
0.7540200843203073
0.3511741667315016
0.7090000687932397
0.06037820584747211
0.18168971507274834
0.6508268620778742
0.2475071830019302
0.8961835356471322
0.49848366889074425
0.7570973138073123
0.04388441675078514
0.4977556322296466
0.794334051512605
0.24937592207130754
0.6349732134260995
0.5737874143128882
0.4754994479975405
0.9594048171051726
0.42434400536177586
0.12470208628340806
0.5865350518867765
0.26345953452394943
0.6218855064055467
0.847019587092634
0.6194335077626029
0.2965849033601845
0.4921849499698836
0.640736576243205
0.8451414713632461
0.2962089566956445
0.37571950946821
0.9635317772142346
0.3884572477751036
0.6328270716163411
0.8853276073525799
0.8942986859073001
0.8723424149945154
0.046509075047067805
0.7601888587602436
0.7141302844766971
0.6815953108765933
0.30790728648335264
0.2337892442806112
0.9909754190025509
0.29435326733708866
0.9043212086936567
0.6807122992258697
0.29644148974879037
0.21207157110053154
0.19684673127328145
0.895849482871487
0.4076498112475142
0.9803583590292978
0.45730709056973273
0.9327402384505503
0.718975896341157
0.19318070542147292
0.5761836942797052
0.9742700837455546
0.772745310473431
0.05529370723448279
0.778030364854599
0.9119700902338773
0.3992000020547267
0.47325884692919074
0.1957542777350637
0.6879267069855153
0.7545309612532095
0.9772950117136159
0.7284772292502664
0.678064701431552
0.22760404823535962
0.3414117922369372
0.7962254050926735
0.8886380256076322
0.5763973145102181
0.44208260648782316
0.13433227807181247
0.510631944590881
0.9781709035279096
0.23972509485111804
0.8104311972281466
0.8198123884873221
0.13700318626272479
0.8240711067108847
0.7555401560773602
0.3818504515560518
0.8987132097066349
0.34449190506060734
0.7750608876737084
0.9071184074191274
0.5961714386388338
0.6179672566809212
0.2072758171593958
0.3088534032250988
0.3347347508021309
0.1262252378842751
0.5361972824458475
0.9231016541521936
0.6745679739917732
0.7849623911478987
0.41705257553726693
0.4856452918271663
0.7859091755754558
0.5348355244411304
0.3196747100950653
0.36372343085462144
0.7713977141221589
0.792549362988761
0.28040980033917096
0.911617003140398
0.21777333938196286
0.3809304353297467
0.7707260779436461
0.8512320394058945
0.9992008491932416
0.44580376027490853
0.6479437216606574
0.3384157260290871
0.6280041881451949
0.6046445771373676
0.9205556800354612
0.5944814477562891
0.5559344222272203
0.601866848458572
0.31773408646710755
0.23115430915162516
0.8395606079425543
0.10861121763680792
0.1384153192694353
0.0019675297718798612
0.982631567560331
0.5771474450482419
0.8343076273818008
0.4533661020668468
0.07989655406523488
0.28782304500129363
0.3345642840358748
0.9281471360165873
0.5649019640431209
0.8434999374428759
0.409634444304971
0.9474731178211683
0.8756978006301924
0.4489075126103732
0.5625834716462227
0.04491735322599888
0.2293425288557851
0.09751753838594523
0.5069167310643691
0.5343323922204475
0.11037790289023475
0.1481231314123842
0.410408580839731
0.6405721388296007
0.7167947914673081
0.22552543237168698
0.5943485110487072
0.18969464305574346
0.03261148226132049
0.8867227072617914
0.8984917947449934
0.3229958444138423
0.6088683174102038
0.9148576504105114
0.3498202923609127
0.3207011240037063
0.0838407989210378
0.9825532486032068
0.03302907250151221
0.6418006684006674
0.2075366965010862
0.3921104224759784
0.5185927039486115
0.7554406446671593
0.5918456635791721
0.9563503902319749
0.40361757511212004
0.1433592333596697
0.9694141896959776
0.7883962873865072
0.9178880525178507
0.2697749560674457
0.6825122360479988
0.9350735409961244
0.8137399303913704
0.05421266048072193
0.12545734893081373
0.32952378738144006
0.806784680639732
0.8548586076553024
0.7951576490889225
0.17676270331062804
0.7226091051030465
0.8432906974995245
0.43385581917690597
0.6387501872447132
0.6631626776936447
0.5724923683581706
0.993455475436491
0.617332819893709
0.9314543429909108
0.21790445074752607
0.5476119564483598
0.5718473164450524
0.44457428838088586
0.33392496894494084
0.7641696357568241
0.4518156815947596
0.007318302716403546
0.0461153541652225
0.4186448798789213
0.37051009071882834
0.9490915984871842
0.019797186893445118
0.4816169418804025
0.871483971564337
0.6811407175522148
0.11660540724895085
0.1002339693448906
0.5795363522445018
0.676699780870575
0.3008050014322039
0.4754328462658186
0.8813466683581386
0.5720625121530049
0.18393621984394204
0.2895018542010417
0.6134719025094812
0.10080617760442334
0.8927435392906679
0.6720296631232769
0.5202800050464891
0.9911117414907541
0.3381497948150368
0.9271753853608513
0.12589011903927672
0.0008338799821500098
0.6670579829997632
0.6794123731225122
0.3205722543320657
0.7870614151313493
0.6103687269270255
0.2937960219878215
0.7158538720143574
0.5708090359686795
0.36033932842189254
0.7790499456262661
0.7450401786249569
0.6540682133946908
0.7949161753165233
0.37238904444602283
0.03640711660312079
0.733547609013952
0.6861532093251071
0.9503807604026085
0.8575313122439288
0.3005235355630823
0.5735509710307063
0.6053428522861972
0.9516891583800952
0.28721477512717597
0.4994385689063977
0.035478779490558665
0.6910590030563079
0.6259339216829684
0.2729209859746571
0.7696389252676842
0.1873861311451378
0.6374025361236342
0.36102630119986123
0.7385105784911303
0.5493746695773059
0.5582870151609269
0.06358950708915734
0.38442121391169315
0.47941304568608967
0.9028660797535987
0.3981741962836326
0.25463864932423275
0.2831636814952777
0.9765047736696199
0.4303418058322994
0.44499712699319394
0.2750413622302169
0.2721769470056884
0.09830742414093585
0.4082910066316665
0.4000734481422553
0.6641799517373558
0.5589156065326281
0.7213913641363432
0.9188368546282034
0.9906246341003325
0.07628675574362598
0.5880654591687307
0.33721602916555726
0.6457741242898104
0.5764093658002291
0.9070911127985547
0.06497684455780872
0.9664389890882188
0.8689601999928703
0.9912402225194186
0.48725110934316074
0.03819178748308727
0.8825921229340608
0.6744136038897355
0.03486157938726653
0.9369011864986079
0.9214277139422563
0.2054808928498043
0.6041417500858186
0.6154836021407561
0.9966895032646536
0.9481903717781065
0.2955710721301499
0.32527738822795216
0.6925120076506608
0.6230514914178714
0.7068204573764227
0.015968053633978907
0.8659106564665513
0.030933311455206614
0.5733380870755056
0.23502879555481304
0.8468655391276543
0.45343152621734895
0.8698183235179656
0.4704873972144229
0.14272352366933927
0.8919250253815706
0.5888713859241909
0.8626869125463767
0.500456518492937
0.8629014618721639
0.8463374221962923
0.21848825786162585
0.5681663842713949
0.7997621593502381
0.04717159285447181
0.5671172779918342
0.18344783938754572
0.4491054087612535
0.5068297109614531
0.2741141583723732
0.48991545397376024
0.5409077002758492
0.7358611693330973
0.6160253601058516
0.16435906455118354
0.6690483601544378
0.8737726562242945
0.807934744888581
0.606266379559976
0.7470894812992893
0.2789062131987148
0.4309560036521721
0.4286499647327754
0.9846107987181849
0.8659509986765295
0.9726803569662242
0.8919832830513437
0.7418862436958009
0.4623180446105859
0.8773609147210214
0.2787991110916229
0.6998065465032488
0.15880188117777283
0.460131305697283
0.05989581134338062
0.9039899845919857
0.8600432535216427
0.875427816890809
0.6406433322675186
0.36006896824233947
0.5663060574280748
0.4888975892217714
0.7469586358261542
0.9679637315513754
0.7059355468724022
0.43895718698871844
0.034113052460477356
0.8659918578959226
0.5322070273741881
0.4405797689281503
0.08245134704239765
0.604583895550048
0.3859741224125509
0.7162505406293617
0.8184309573296877
0.017982881097031056
0.3090864775630414
0.09184843650999841
0.6179835571936472
0.47713235584772107
0.9634119889468454
0.5404801704742138
0.9813055861507418
0.18855685318139648
0.9300557596346861
0.0030274963721909076
0.8153809923617023
0.028158895612248713
0.14535754417567048
0.07728620797810459
0.7003149599862813
0.23848373062087602
0.22908046852637132
0.2998424826521545
0.370792368935004
0.5190254035918153
0.6266678094415592
0.6025946581275718
0.17833993952948968
0.6073990257567847
0.5707005134410484
0.00310273883936818
0.7180472235551607
0.7726814265024895
0.8139330668990151
0.034198210071061275
0.10432963521036642
0.5659315164750514
0.43332904975323927
0.4940568491794296
0.17888326761599072
0.8286448076073908
0.5034728636490697
0.8423575890477969
0.45628349677277036
0.4323790464362378
0.18813171473731127
0.6434994388810448
0.2093010179526732
0.5687380743251471
0.6850800076092413
0.4144267125788724
0.39867715224289024
0.18095321227900552
0.7532807042799995
0.6871723237913521
0.38088973900368794
0.7840348217608745
0.14091245979288114
0.8050007445343345
0.5927937930916001
0.0011073177647893395
0.12443421432487822
0.09606163518805833
0.09822416762888209
0.15451708107535334
0.14083788580586587
0.039597481819087954
0.4989699403484942
0.7707982201863731
0.3858004536450589
0.04410617965444097
0.731320821790204
0.082740659680958
0.6355726097108432
0.5092306370632769
0.1448685160086367
0.679160687070889
0.6590927595073885
0.5254757949309563
0.12278967746250014
0.3900534329226589
0.2948592128316576
0.24018259876236392
0.028853810875056785
0.16201674128714927
0.6988228583700417
0.9501695620550068
0.18168311157870531
0.6300823129314317
0.6118850179106339
0.13731054169912071
0.15988148166274985
0.2409392041251872
0.13356043682170682
0.6877504235841103
0.2615272065595119
0.9612359866775696
0.06743335920225912
0.1073242477899109
0.5036983136041177
0.909972808329762
0.8161312304918295
0.8498575758153004
0.5517183327829283
0.09074641567545683
0.29023263788917064
